156
24
206
33
114
105
7
100
19
215
4
218
164
222
204
97
159
218
29
105
195
189
15
97
147
255
213
29
155
120
166
254
47
191
154
100
240
143
128
140
239
172
63
160
11
114
235
108
101
67
5
96
228
150
85
238
28
178
148
17
52
73
229
112
211
32
125
100
133
231
28
18
182
211
6
138
186
189
21
156
251
3
173
12
160
170
107
214
197
19
7
233
167
222
145
243
185
3
205
134
116
220
244
88
50
132
99
68
73
252
242
211
202
214
146
162
26
45
1
222
75
146
171
218
161
86
36
27
124
185
214
2
12
50
163
7
168
213
53
50
165
89
245
253
16
232
173
196
239
152
